 <pre>

 Contingency table for Rh2m (%)
 Selection: Ireland     28 stations
Period: 20180601-20180614
Used {00,12} + 01 02 ... 24
 Limits    30.0000000       50.0000000       65.0000000       75.0000000       85.0000000       95.0000000       100.000000    
 Each class is data <= limit, the very last > last limit
 Total number of values       18792
                                              OBSERVATION
                                      0        0        0        0        0        0        0        0 |         0
                                      0       28      125       23        6        0        0        0 |       182
                                      0      134      849      746      236       34        0        0 |      1999
         WoptMoist_T_SC_T_SA_F        0       26      672     1571     1304      355       13        0 |      3941
                                      0        4      156      918     2175     1516      209        0 |      4978
                                      0        0       54      237     1070     2970     1136        0 |      5467
                                      0        0        2       20       89      659     1156        0 |      1926
                                      0        0        0        0        2       32      265        0 |       299

                    SUM               0      192     1858     3515     4882     5566     2779        0 |     18792
                                              OBSERVATION
                                      0        0        0        0        0        0        0        0 |         0
                                      0       29      132       24        4        0        0        0 |       189
                                      0      121      777      729      235       26        0        0 |      1888
              Wopt_T_SC_T_SA_F        0       33      706     1529     1278      358       16        0 |      3920
                                      0        6      188      960     2176     1510      201        0 |      5041
                                      0        2       55      259     1099     2958     1134        0 |      5507
                                      0        1        0       14       87      677     1170        0 |      1949
                                      0        0        0        0        3       37      258        0 |       298

                    SUM               0      192     1858     3515     4882     5566     2779        0 |     18792
                                              OBSERVATION
                                      0        0        0        0        0        0        0        0 |         0
                                      0       28      127       28        4        0        0        0 |       187
                                      0      131      814      736      227       34        0        0 |      1942
         WoptMoist_T_SC_T_SA_T        0       27      698     1551     1345      338       14        0 |      3973
                                      0        6      168      940     2116     1543      228        0 |      5001
                                      0        0       50      243     1096     2933     1106        0 |      5428
                                      0        0        1       17       94      685     1168        0 |      1965
                                      0        0        0        0        0       33      263        0 |       296

                    SUM               0      192     1858     3515     4882     5566     2779        0 |     18792
                                              OBSERVATION
                                      0        0        0        0        0        0        0        0 |         0
                                      0       28      131       27        4        0        0        0 |       190
                                      0      125      752      704      224       29        1        0 |      1835
              Wopt_T_SC_T_SA_T        0       33      718     1533     1247      354       12        0 |      3897
                                      0        4      212      996     2159     1485      210        0 |      5066
                                      0        1       41      234     1155     2950     1119        0 |      5500
                                      0        1        4       21       88      714     1168        0 |      1996
                                      0        0        0        0        5       34      269        0 |       308

                    SUM               0      192     1858     3515     4882     5566     2779        0 |     18792

