 <pre>

 Contingency table for Rh2m (%)
 Selection: ALL     33 stations
Period: 20180601-20180614
Used {00,12} + 01 02 ... 24
 Limits    30.0000000       50.0000000       65.0000000       75.0000000       85.0000000       95.0000000       100.000000    
 Each class is data <= limit, the very last > last limit
 Total number of values       22148
                                              OBSERVATION
                                      0        0        0        0        0        0        0        0 |         0
                                      0       54      184       27        8        0        0        0 |       273
                                      0      137      998      916      306       36        0        0 |      2393
         WoptMoist_T_SC_T_SA_F        0       27      714     1879     1652      437       14        0 |      4723
                                      0        4      163     1001     2667     1932      244        0 |      6011
                                      0        0       54      248     1222     3472     1380        0 |      6376
                                      0        0        2       20       91      688     1254        0 |      2055
                                      0        0        0        0        2       32      283        0 |       317

                    SUM               0      222     2115     4091     5948     6597     3175        0 |     22148
                                              OBSERVATION
                                      0        0        0        0        0        0        0        0 |         0
                                      0       55      188       29        6        0        0        0 |       278
                                      0      125      933      895      308       28        0        0 |      2289
              Wopt_T_SC_T_SA_F        0       33      744     1831     1613      436       17        0 |      4674
                                      0        6      195     1054     2676     1925      239        0 |      6095
                                      0        2       55      267     1253     3468     1376        0 |      6421
                                      0        1        0       15       89      703     1269        0 |      2077
                                      0        0        0        0        3       37      274        0 |       314

                    SUM               0      222     2115     4091     5948     6597     3175        0 |     22148
                                              OBSERVATION
                                      0        0        0        0        0        0        0        0 |         0
                                      0       54      186       34        6        0        0        0 |       280
                                      0      134      961      906      300       36        0        0 |      2337
         WoptMoist_T_SC_T_SA_T        0       28      744     1862     1685      421       15        0 |      4755
                                      0        6      173     1020     2616     1971      271        0 |      6057
                                      0        0       50      252     1243     3422     1340        0 |      6307
                                      0        0        1       17       98      714     1270        0 |      2100
                                      0        0        0        0        0       33      279        0 |       312

                    SUM               0      222     2115     4091     5948     6597     3175        0 |     22148
                                              OBSERVATION
                                      0        0        0        0        0        0        0        0 |         0
                                      0       54      188       33        6        0        0        0 |       281
                                      0      128      901      866      294       31        1        0 |      2221
              Wopt_T_SC_T_SA_T        0       34      763     1843     1582      436       13        0 |      4671
                                      0        4      218     1082     2664     1898      242        0 |      6108
                                      0        1       41      246     1308     3457     1363        0 |      6416
                                      0        1        4       21       89      741     1270        0 |      2126
                                      0        0        0        0        5       34      286        0 |       325

                    SUM               0      222     2115     4091     5948     6597     3175        0 |     22148

