 <pre>

 Contingency table for Cloud base (m)
 Selection: Ireland     27 stations
Period: 20180601-20180614
Used {00,12} + 01 02 ... 24
 Limits    70.0000000       150.000000       300.000000       600.000000       1000.00000       1500.00000       2500.00000       5000.00000    
 Each class is data <= limit, the very last > last limit
 Total number of values       13899
                                                       OBSERVATION
                                    252       84       23       11        3       16       16       28        1 |       434
                                    101       64       25       11        3        3        6        4        0 |       217
                                    117      151      201       75       17       13        9       11        3 |       597
                                    114      142      328      487      184      116       54       34       10 |      1469
         WoptMoist_T_SC_T_SA_F       75       78      178      700     1049      495      111       53       23 |      2762
                                     63       36       93      359      654      682      106       51       22 |      2066
                                     33       27       38      154      207      241      119       25       11 |       855
                                     15        7       14       84       73       80       98      143       20 |       534
                                    270      215      235      605      978     1074      524      692      372 |      4965

                    SUM            1040      804     1135     2486     3168     2720     1043     1041      462 |     13899
                                                       OBSERVATION
                                    252       86       22        8        3       18       19       30        1 |       439
                                    114       58       24       10        5        2        6        5        2 |       226
                                    103      145      203       75       13        9        8        6        4 |       566
                                    127      141      338      480      186      105       38       38        9 |      1462
              Wopt_T_SC_T_SA_F       75       79      190      717     1029      491      121       38       28 |      2768
                                     67       53       71      321      614      666       75       53       18 |      1938
                                     33       16       39      148      224      271      132       28       11 |       902
                                     21       12       15       89       70       86      103      159       14 |       569
                                    248      214      233      638     1024     1072      541      684      375 |      5029

                    SUM            1040      804     1135     2486     3168     2720     1043     1041      462 |     13899
                                                       OBSERVATION
                                    246       91       21       10        4       17       14       28        0 |       431
                                    113       58       29        8        4        4        6        3        1 |       226
                                    100      147      201       81       16       10       15        6        4 |       580
                                    120      138      351      508      188      114       59       37       10 |      1525
         WoptMoist_T_SC_T_SA_T       86       88      183      738     1080      486      114       52       27 |      2854
                                     76       44       72      328      670      671       94       51       18 |      2024
                                     33       23       40      140      198      253      128       31       10 |       856
                                     16       13       15       82       77       83      106      147       25 |       564
                                    250      202      223      591      931     1082      507      686      367 |      4839

                    SUM            1040      804     1135     2486     3168     2720     1043     1041      462 |     13899
                                                       OBSERVATION
                                    243       94       19       10        3       19       17       26        0 |       431
                                    106       56       35       10        4        4        5        3        2 |       225
                                    111      146      193       84       15       10       12        8        5 |       584
                                    131      150      344      493      189      106       47       42        8 |      1510
              Wopt_T_SC_T_SA_T       72       78      183      713     1033      495      103       51       24 |      2752
                                     72       47       74      335      668      672       85       48       19 |      2020
                                     23       22       51      144      198      246      137       27       15 |       863
                                     21       20       15       88       83       85      102      145       15 |       574
                                    261      191      221      609      975     1083      535      691      374 |      4940

                    SUM            1040      804     1135     2486     3168     2720     1043     1041      462 |     13899

