 <pre>

 Contingency table for Cloud base (m)
 Selection: ALL     32 stations
Period: 20180601-20180614
Used {00,12} + 01 02 ... 24
 Limits    70.0000000       150.000000       300.000000       600.000000       1000.00000       1500.00000       2500.00000       5000.00000    
 Each class is data <= limit, the very last > last limit
 Total number of values       16027
                                                       OBSERVATION
                                    294       87       23       14        3       19       16       29        1 |       486
                                    115       67       27       17        3        3        6        4        0 |       242
                                    143      166      216       83       22       18        9       11        3 |       671
                                    120      151      347      539      198      133       56       35       10 |      1589
         WoptMoist_T_SC_T_SA_F       94       83      192      814     1127      561      125       68       23 |      3087
                                     69       38       97      392      728      813      125       58       26 |      2346
                                     40       30       43      186      228      299      141       28       19 |      1014
                                     16        7       17      107       93       84      109      159       21 |       613
                                    318      239      251      683     1115     1364      678      838      493 |      5979

                    SUM            1209      868     1213     2835     3517     3294     1265     1230      596 |     16027
                                                       OBSERVATION
                                    293       88       23       10        4       20       19       31        1 |       489
                                    132       61       26       15        7        2        6        5        2 |       256
                                    123      161      218       87       16       15        8        6        4 |       638
                                    136      150      358      531      198      125       43       40        9 |      1590
              Wopt_T_SC_T_SA_F       91       85      203      841     1113      557      135       50       28 |      3103
                                     78       56       76      351      677      785       99       64       22 |      2208
                                     41       19       44      174      245      322      149       30       20 |      1044
                                     22       12       18      112       85       91      114      176       14 |       644
                                    293      236      247      714     1172     1377      692      828      496 |      6055

                    SUM            1209      868     1213     2835     3517     3294     1265     1230      596 |     16027
                                                       OBSERVATION
                                    287       95       22       12        5       20       14       29        0 |       484
                                    127       61       32       15        4        4        6        3        1 |       253
                                    126      162      215       91       20       16       15        6        4 |       655
                                    125      146      370      560      204      136       67       37       10 |      1655
         WoptMoist_T_SC_T_SA_T      106       93      197      858     1168      552      126       65       27 |      3192
                                     81       47       76      358      728      797      117       59       21 |      2284
                                     41       27       46      169      216      304      148       34       18 |      1003
                                     18       13       18      102       93       86      115      163       26 |       634
                                    298      224      237      670     1079     1379      657      834      489 |      5867

                    SUM            1209      868     1213     2835     3517     3294     1265     1230      596 |     16027
                                                       OBSERVATION
                                    289       96       20       12        5       21       17       27        0 |       487
                                    121       59       38       15        6        5        5        3        2 |       254
                                    133      164      207       95       18       15       12        8        5 |       657
                                    141      158      364      543      203      126       50       44        8 |      1637
              Wopt_T_SC_T_SA_T       87       83      197      833     1109      561      114       65       24 |      3073
                                     81       50       78      369      731      782      112       57       22 |      2282
                                     29       25       56      171      219      305      156       29       24 |      1014
                                     24       20       18      112      100       92      115      160       16 |       657
                                    304      213      235      685     1126     1387      684      837      495 |      5966

                    SUM            1209      868     1213     2835     3517     3294     1265     1230      596 |     16027

